1481138701 0 1
1481339084 0 2
1481427930 0 3
1481437215 0 4
1481492822 0 5
1481928266 0 6
1481934694 0 7
1482471027 0 8
1482544172 0 9
1482564766 0 10
1483480069 0 11
1483613695 0 12
1483740724 0 13
1483740753 0 14
1483740827 0 15
1483778548 0 16
1483795639 0 17
1484215192 0 18
1484256120 0 19
1484618392 0 20
1484810857 0 21
1484847162 0 22
1484886186 0 23
1485071793 0 24
1486009924 0 25
1486066410 0 26
1486294369 0 27
1486357016 0 28
1486526753 0 29
1491372041 0 30
1492417896 0 31
1493671635 1 31
1494272719 2 31
1494383371 3 31
1494383974 4 31
1494384152 5 31
1494385508 6 31
1494387340 7 31
1494389329 8 31
1494389379 9 31
1494487714 10 31
1494487719 11 31
1494540947 12 31
1494540953 13 31
1494542249 14 31
1494542255 15 31
1494545959 16 31
1494545969 17 31
1494547372 18 31
1494547377 19 31
1494548050 20 31
1494548053 21 31
1494626105 22 31
1494626109 23 31
1494627931 24 31
1494627934 25 31
1494628393 26 31
1494628397 27 31
1494630234 28 31
1494630238 29 31
1494632517 30 31
1494632519 31 31
1495131486 32 31
1495131496 33 31
1495141205 34 31
1495141212 35 31
1495657101 36 31
1495714764 37 31
1495733140 38 31
1495735443 39 31
1496194090 40 31
1497037662 41 31
1497037851 42 31
1499719124 43 31
1523288328 44 31
1523289898 45 31
1523290163 46 31
1523291031 47 31
1523291078 48 31
1523291083 49 31
