1481138701 9043
1481339084 9965
1481427930 10066
1481437215 10125
1481492822 10176
1481928266 10664
1481934694 10735
1482471027 15377
1482544172 16316
1482564766 16732
1483480069 21984
1483613695 22849
1483740724 61078
1483740753 61079
1483740827 23781
1483778548 24391
1483795639 22740
1484215192 23045
1484256120 181524
1484618392 181689
1484810857 178081
1484847162 229574
1484886186 229686
1485071793 229929
1486009924 230646
1486066410 230727
1486294369 286296
1486357016 286431
1486526753 286280
1491372041 282542
1492417896 282807
1493671635 282832
1494272719 282694
1494383371 282768
1494383974 282769
1494384152 282770
1494385508 282953
1494387340 282961
1494389329 282963
1494389379 282743
1494487714 282856
1494487719 282856
1494540947 282987
1494540953 282987
1494542249 282209
1494542255 282209
1494545959 282218
1494545969 282218
1494547372 282297
1494547377 282297
1494548050 282305
1494548053 282305
1494626105 282547
1494626109 282547
1494627931 282587
1494627934 282587
1494628393 282590
1494628397 282590
1494630234 282596
1494630238 282596
1494632517 282744
1494632519 282744
1495131486 283385
1495131496 283385
1495141205 283392
1495141212 283392
1495657101 284259
1495714764 284332
1495733140 284340
1495735443 284341
1496194090 284356
1497037662 19567
1497037851 20269
1499719124 21140
1523288328 34341
1523289898 34606
1523290163 34606
1523291031 72642
1523291078 72642
1523291083 72642
